cam0:
  T_cam_imu:
  - [0.9994982661757921, 0.029653756068505493, -0.011129719790635227, 0.06134161682297739]
  - [0.011390707525002899, -0.008646823368459067, 0.9998977368849864, -0.013595936047458105]
  - [0.029554486861867964, -0.9995228297526111, -0.008980262227097302, -0.10514945412651805]
  - [0.0, 0.0, 0.0, 1.0]
  cam_overlaps: [1, 2]
  camera_model: pinhole
  distortion_coeffs: [0.012692307712360755, -0.005737058061179601, -0.001768919380431655, -0.00014248766047864574]
  distortion_model: radtan
  intrinsics: [659.9139240696829, 663.6905028432622, 646.3796860837847, 360.59616797397973]
  resolution: [1280, 720]
  rostopic: /camera/infra1/image_rect_raw
  timeshift_cam_imu: -0.010853221301356516
cam1:
  T_cam_imu:
  - [0.9998009999595061, 0.01699577636694252, -0.01044528916098959, -0.03504692727529504]
  - [0.010607597826890051, -0.009487981797784262, 0.9998987234063997, -0.013762998561221115]
  - [0.01689495037917442, -0.9998105429465572, -0.009666378049478619, -0.1051282342199097]
  - [0.0, 0.0, 0.0, 1.0]
  T_cn_cnm1:
  - [0.9999196077284214, 0.0007972603043066149, 0.012654740465360251, -0.09504213415419785]
  - [-0.0008076712720743116, 0.9999993395953614, 0.0008176037890441617, -3.155703878195659e-05]
  - [-0.012654080265065301, -0.0008277589303477375, 0.9999195913011191, 0.0007777325612011803]
  - [0.0, 0.0, 0.0, 1.0]
  cam_overlaps: [0, 2]
  camera_model: pinhole
  distortion_coeffs: [0.016338950227134476, -0.008506440886485426, -0.0020077713129841796, -0.0031779597648676325]
  distortion_model: radtan
  intrinsics: [658.9675361317375, 663.2745602086726, 637.7256287437142, 359.9268520831796]
  resolution: [1280, 720]
  rostopic: /camera/infra2/image_rect_raw
  timeshift_cam_imu: -0.011318914473273664
cam2:
  T_cam_imu:
  - [0.9997163749072039, 0.022136518025907225, -0.008783183482506542, 0.001656608653456973]
  - [0.009029466645964945, -0.011050361980909584, 0.999898173931816, -0.013966812249558163]
  - [0.02203720659448692, -0.9996938851817487, -0.011247108772139858, -0.1055016358728463]
  - [0.0, 0.0, 0.0, 1.0]
  T_cn_cnm1:
  - [0.9999854015092526, 0.0016122644142734523, -0.005157263987103358, 0.03618303983295239]
  - [-0.0016043652575278198, 0.9999975342349163, 0.0015354270426147772, -9.865896339831253e-05]
  - [0.005159726784883424, -0.0015271304925324979, 0.9999855224411799, -0.00021510897851224239]
  - [0.0, 0.0, 0.0, 1.0]
  cam_overlaps: [0, 1]
  camera_model: pinhole
  distortion_coeffs: [-0.03698220549212955, 0.038888366480704616, -0.002220468703311755, -0.0003244490808566348]
  distortion_model: radtan
  intrinsics: [641.1846525222851, 644.3509479044253, 639.2368045158349, 359.5766841991367]
  resolution: [1280, 720]
  rostopic: /camera/color/image_raw
  timeshift_cam_imu: -0.006183415393185239
