cam0:
  T_cam_imu:
  - [0.0036741071981867546, 0.9999847997800764, -0.004111100229454656, -0.00920257379478134]
  - [-0.011434557745443774, -0.004068847482708637, -0.9999263449721326, 0.16923863161230357]
  - [-0.9999278733116015, 0.003720845194689626, 0.011419434555826835, -0.2816760239306385]
  - [0.0, 0.0, 0.0, 1.0]
  T_cn_cnm1:
  - [0.9999854015092511, 0.0016122644142734528, -0.005157263987103359, 0.03618303983295239]
  - [-0.0016043652575278198, 0.9999975342349148, 0.0015354270426147772, -9.865896339831253e-05]
  - [0.005159726784883425, -0.0015271304925324979, 0.9999855224411783, -0.00021510897851224239]
  - [0.0, 0.0, 0.0, 1.0]
  cam_overlaps: [0, 1]
  camera_model: pinhole
  distortion_coeffs: [-0.03698220549212955, 0.038888366480704616, -0.002220468703311755, -0.0003244490808566348]
  distortion_model: radtan
  intrinsics: [641.1846525222851, 644.3509479044253, 639.2368045158349, 359.5766841991367]
  resolution: [1280, 720]
  rostopic: /camera/color/image_raw
  timeshift_cam_imu: -0.00984125572406048
