cam0:
  T_cam_imu:
  - [-0.013984659466338463, -0.9998958217224521, 0.0035742134228580556, 0.022922269345815947]
  - [-0.9998646220946066, 0.01401503847687065, 0.008620683273428253, 0.4583901186799299]
  - [-0.008669877924139447, -0.003453172233385387, -0.9999564534610027, -0.12350674372391258]
  - [0.0, 0.0, 0.0, 1.0]
  cam_overlaps: [1]
  camera_model: pinhole
  distortion_coeffs: [0.010815535092655879, -0.0005813444728282344, 0.0013256175433578748, -0.0009611534508021175]
  distortion_model: radtan
  intrinsics: [645.4830894554261, 643.0751417836171, 639.8821221490487, 357.43373591457885]
  resolution: [1280, 720]
  rostopic: /cam_front_down/infra1/image_rect_raw
  timeshift_cam_imu: 0.003492334939307327
cam1:
  T_cam_imu:
  - [-0.013813769834061188, -0.9999013647353223, 0.002537826513285035, -0.027022233356209]
  - [-0.9998475676998495, 0.0138400418953411, 0.010643993847714361, 0.45865947632818266]
  - [-0.010678067599830938, -0.0023904059854247426, -0.999940130623608, -0.12271841072532273]
  - [0.0, 0.0, 0.0, 1.0]
  T_cn_cnm1:
  - [0.9999994483340924, -0.00017987854643160934, 0.0010348793272378365, -0.0497342209324893]
  - [0.00018197159459724775, 0.9999979376498332, -0.002022766032297624, 1.630656132194149e-05]
  - [-0.0010345133407406214, 0.0020229532350479556, 0.9999974187178481, -0.00011557418722279597]
  - [0.0, 0.0, 0.0, 1.0]
  cam_overlaps: [0]
  camera_model: pinhole
  distortion_coeffs: [0.012202270868226475, -0.003003385397417338, 0.0009940184836570271, -0.0009915437632209592]
  distortion_model: radtan
  intrinsics: [645.4717054932978, 642.8518986225815, 638.879815639656, 358.1737751519804]
  resolution: [1280, 720]
  rostopic: /cam_front_down/infra2/image_rect_raw
  timeshift_cam_imu: 0.003502475323966678
