cam0:
  T_cam_imu:
  - [-0.021768912681836894, -0.9997486719279073, 0.005357930480548945, 0.029851708502589835]
  - [0.0024788262110365666, -0.005413157348565262, -0.999982276417004, -0.03900091534570735]
  - [0.9997599561201, -0.021755245480194252, 0.0025960417620778387, -0.48346333928450164]
  - [0.0, 0.0, 0.0, 1.0]
  cam_overlaps: [1]
  camera_model: pinhole
  distortion_coeffs: [0.004057575140981244, -0.005594350861576379, 0.0005791074108271667, 0.0018526211097822545]
  distortion_model: radtan
  intrinsics: [383.1844959314199, 383.4039348369017, 326.1195208355492, 235.7009052951364]
  resolution: [640, 480]
  rostopic: /cam_front/infra1/image_rect_raw
  timeshift_cam_imu: -0.012157571399071816
cam1:
  T_cam_imu:
  - [-0.02506008822868863, -0.9996727143480146, 0.005143555778171549, -0.017474140429249697]
  - [0.001261419717546619, -0.005176788342026034, -0.9999858047406265, -0.03865004039732198]
  - [0.9996851508341347, -0.02505324431155942, 0.0013907376455644382, -0.48363769546380037]
  - [0.0, 0.0, 0.0, 1.0]
  T_cn_cnm1:
  - [0.9999945582187252, 0.0002058014803469621, -0.0032925945217806524, -0.048909508781668116]
  - [-0.00020982688922993923, 0.9999992310193354, -0.0012222656879484373, -0.00023381200241950748]
  - [0.0032923404457511755, 0.0012229499115119062, 0.9999938324249309, -0.0002279237970432917]
  - [0.0, 0.0, 0.0, 1.0]
  cam_overlaps: [0]
  camera_model: pinhole
  distortion_coeffs: [0.007952026687379068, -0.007334422276464831, 0.0013541469313237688, 0.002811637764870998]
  distortion_model: radtan
  intrinsics: [382.3292863278591, 382.27504470770174, 326.89314425573417, 237.07531485243254]
  resolution: [640, 480]
  rostopic: /cam_front/infra2/image_rect_raw
  timeshift_cam_imu: -0.01221662975621191
