cam0:
  T_cam_imu:
  - [0.9999503852362368, 0.0010857223787398233, -0.00990193278191132, 0.05904505713892705]
  - [0.009898406565494866, 0.0032064535687015283, 0.9999458686363855, -0.20629843274585202]
  - [0.0011174136948125576, -0.9999942699147969, 0.0031955475597431615, -0.6539878866183778]
  - [0.0, 0.0, 0.0, 1.0]
  cam_overlaps: [1]
  camera_model: pinhole
  distortion_coeffs: [0.004057575140981244, -0.005594350861576379, 0.0005791074108271667, 0.0018526211097822545]
  distortion_model: radtan
  intrinsics: [383.1844959314199, 383.4039348369017, 326.1195208355492, 235.7009052951364]
  resolution: [640, 480]
  rostopic: /cam_front/infra1/image_rect_raw
  timeshift_cam_imu: -0.0183967483016334
cam1:
  T_cam_imu:
  - [0.9999433016414705, 0.004378952018300725, -0.009706610200116041, 0.012246087456910922]
  - [0.009687216698674811, 0.004428481973513365, 0.9999432715809649, -0.20574512839528217]
  - [0.00442168915557083, -0.9999806064752614, 0.004385811028740305, -0.6542696731163683]
  - [0.0, 0.0, 0.0, 1.0]
  T_cn_cnm1:
  - [0.9999945582187252, 0.0002058014803469621, -0.0032925945217806524, -0.048909508781668116]
  - [-0.00020982688922993923, 0.9999992310193354, -0.0012222656879484373, -0.00023381200241950748]
  - [0.0032923404457511755, 0.0012229499115119062, 0.9999938324249309, -0.0002279237970432917]
  - [0.0, 0.0, 0.0, 1.0]
  cam_overlaps: [0]
  camera_model: pinhole
  distortion_coeffs: [0.007952026687379068, -0.007334422276464831, 0.0013541469313237688, 0.002811637764870998]
  distortion_model: radtan
  intrinsics: [382.3292863278591, 382.27504470770174, 326.89314425573417, 237.07531485243254]
  resolution: [640, 480]
  rostopic: /cam_front/infra2/image_rect_raw
  timeshift_cam_imu: -0.018461952910163688
