cam0:
  cam_overlaps: [1, 2]
  camera_model: pinhole
  distortion_coeffs: [-0.03682009819804262, 0.0461827720950512, 0.0011162184680892915, 0.00213811838001884]
  distortion_model: radtan
  intrinsics: [640.6849302734898, 641.3627016766752, 643.6575205047474, 367.3931797156229]
  resolution: [1280, 720]
  rostopic: /camera/color/image_raw
cam1:
  T_cn_cnm1:
  - [0.9999831736648659, -0.002569078208067078, 0.005201175281709872, 0.049988704511975124]
  - [0.0028076450783279345, 0.9989193389986853, -0.04639257810847924, -0.09534873363462859]
  - [-0.005076368412987363, 0.04640640054559329, 0.9989097439068984, -0.5781145634861677]
  - [0.0, 0.0, 0.0, 1.0]
  cam_overlaps: [0, 2]
  camera_model: pinhole
  distortion_coeffs: [-0.17128537140508918, 0.02611898258471015, -0.000276302140803696, -0.0003126608587962613]
  distortion_model: radtan
  intrinsics: [355.0676041358379, 355.53096664251325, 316.28111375323675, 177.2224605283489]
  resolution: [640, 360]
  rostopic: /zedm/zed_node/left_raw/image_raw_color
cam2:
  T_cn_cnm1:
  - [0.9999956190458844, -0.0007388249405122549, 0.0028663612365320283, -0.06306268485051959]
  - [0.0007402449051561833, 0.9999996038227481, -0.0004943600103641066, -5.309776922720268e-05]
  - [-0.002865994855439672, 0.0004964796538972664, 0.9999957697817698, -0.0005003423169428987]
  - [0.0, 0.0, 0.0, 1.0]
  cam_overlaps: [0, 1]
  camera_model: pinhole
  distortion_coeffs: [-0.17323447103256628, 0.027151430541837395, 4.898631445813097e-05, -0.00019293406232961954]
  distortion_model: radtan
  intrinsics: [356.0970986159292, 356.3562853845356, 318.9730052715095, 178.3591508924877]
  resolution: [640, 360]
  rostopic: /zedm/zed_node/right_raw/image_raw_color
