cam0:
  T_cam_imu:
  - [-0.0017838283707389824, -0.9999851556772505, 0.005148434858171513, 0.017759102159688876]
  - [-0.038902763839704535, -0.005075150626085101, -0.9992301125425289, 0.07332319920950008]
  - [0.999241408730631, -0.0019827433690816076, -0.038893133156849585, -0.5092046937795777]
  - [0.0, 0.0, 0.0, 1.0]
  cam_overlaps: [1]
  camera_model: pinhole
  distortion_coeffs: [-0.16998695426078894, 0.026823882498581624, 5.077913805189133e-05, -0.0011071201420993345]
  distortion_model: radtan
  intrinsics: [349.99007567079235, 347.62431502687247, 304.3619772059117, 177.64171735966335]
  resolution: [640, 360]
  rostopic: /zedm/zed_node/left_raw/image_raw_color
  timeshift_cam_imu: 0.019958545225669644
cam1:
  T_cam_imu:
  - [-0.002140376355091622, -0.9999792103483538, 0.006082570192104286, -0.04481586616335682]
  - [-0.03867984035181049, -0.005995244158615798, -0.9992336698679831, 0.0731357783836105]
  - [0.9992493626414867, -0.0023740089641561823, -0.038666204132563664, -0.5087885539057568]
  - [0.0, 0.0, 0.0, 1.0]
  T_cn_cnm1:
  - [0.9999995001146803, -0.0009195756262624554, -0.00039262074815516276, -0.06270745754653449]
  - [0.0009196639024647968, 0.9999995518601751, 0.00022471704496565708, -8.929339797177271e-05]
  - [0.0003924139278888143, -0.00022507801176234284, 0.999999897675591, 0.00042562229061276417]
  - [0.0, 0.0, 0.0, 1.0]
  cam_overlaps: [0]
  camera_model: pinhole
  distortion_coeffs: [-0.17388336499161344, 0.028633086899610652, 0.0003475896301207845, -0.0006476189802306191]
  distortion_model: radtan
  intrinsics: [350.5893475411215, 348.75896809705637, 308.4469497588654, 178.54491831124665]
  resolution: [640, 360]
  rostopic: /zedm/zed_node/right_raw/image_raw_color
  timeshift_cam_imu: 0.019627705260740036
