cam0:
  T_cam_imu:
  - [-0.9998153939313426, -0.011556650756966949, 0.015349979843496276, 0.06317863238654985]
  - [0.015111241980309238, 0.02046945096745517, 0.9996762735720517, -0.033274128819428615]
  - [-0.011867115223456223, 0.9997236845250654, -0.020291036836514065, -0.1061000561789244]
  - [0.0, 0.0, 0.0, 1.0]
  cam_overlaps: [1, 2]
  camera_model: pinhole
  distortion_coeffs: [0.012692307712360755, -0.005737058061179601, -0.001768919380431655, -0.00014248766047864574]
  distortion_model: radtan
  intrinsics: [659.9139240696829, 663.6905028432622, 646.3796860837847, 360.59616797397973]
  resolution: [1280, 720]
  rostopic: /camera/infra1/image_rect_raw
  timeshift_cam_imu: -0.008302252181003963
cam1:
  T_cam_imu:
  - [-0.9998731441705113, 0.0011118415538849402, 0.015888970228884983, -0.03323777765779329]
  - [0.01590905157345923, 0.02129614929661747, 0.9996466256148564, -0.033443439258158826]
  - [0.0007730747753956144, 0.9997725930597892, -0.02131113610055582, -0.10608571677823139]
  - [0.0, 0.0, 0.0, 1.0]
  T_cn_cnm1:
  - [0.9999196077284214, 0.0007972603043066149, 0.012654740465360251, -0.09504213415419785]
  - [-0.0008076712720743116, 0.9999993395953614, 0.0008176037890441617, -3.155703878195659e-05]
  - [-0.012654080265065301, -0.0008277589303477375, 0.9999195913011191, 0.0007777325612011803]
  - [0.0, 0.0, 0.0, 1.0]
  cam_overlaps: [0, 2]
  camera_model: pinhole
  distortion_coeffs: [0.016338950227134476, -0.008506440886485426, -0.0020077713129841796, -0.0031779597648676325]
  distortion_model: radtan
  intrinsics: [658.9675361317375, 663.2745602086726, 637.7256287437142, 359.9268520831796]
  resolution: [1280, 720]
  rostopic: /camera/infra2/image_rect_raw
  timeshift_cam_imu: -0.008241204589864255
cam2:
  T_cam_imu:
  - [-0.9998368848846517, -0.004009930843131906, 0.017610340109963183, 0.003438939776228195]
  - [0.01751436107983377, 0.02282939086120445, 0.9995859473146226, -0.03365157710055729]
  - [-0.004410303858067227, 0.9997313335929506, -0.022755435665789133, -0.10641971525032388]
  - [0.0, 0.0, 0.0, 1.0]
  T_cn_cnm1:
  - [0.9999854015092526, 0.0016122644142734523, -0.005157263987103358, 0.03618303983295239]
  - [-0.0016043652575278198, 0.9999975342349163, 0.0015354270426147772, -9.865896339831253e-05]
  - [0.005159726784883424, -0.0015271304925324979, 0.9999855224411799, -0.00021510897851224239]
  - [0.0, 0.0, 0.0, 1.0]
  cam_overlaps: [0, 1]
  camera_model: pinhole
  distortion_coeffs: [-0.03698220549212955, 0.038888366480704616, -0.002220468703311755, -0.0003244490808566348]
  distortion_model: radtan
  intrinsics: [641.1846525222851, 644.3509479044253, 639.2368045158349, 359.5766841991367]
  resolution: [1280, 720]
  rostopic: /camera/color/image_raw
  timeshift_cam_imu: -0.005364453596800127
