cam0:
  T_cam_imu:
  - [0.9977410581810904, -0.06494916123006274, -0.01715771765678168, 0.008788496619468887]
  - [0.06512435016481728, 0.9978284762118868, 0.009856524553552569, 0.6122893989103023]
  - [0.016480286262343484, -0.010951644450758755, 0.9998042116577304, -0.3294320520242201]
  - [0.0, 0.0, 0.0, 1.0]
  cam_overlaps: [1]
  camera_model: pinhole
  distortion_coeffs: [0.010815535092655879, -0.0005813444728282344, 0.0013256175433578748, -0.0009611534508021175]
  distortion_model: radtan
  intrinsics: [645.4830894554261, 643.0751417836171, 639.8821221490487, 357.43373591457885]
  resolution: [1280, 720]
  rostopic: /cam_front_down/infra1/image_rect_raw
  timeshift_cam_imu: -0.0017771697041372297
cam1:
  T_cam_imu:
  - [0.9977458483954774, -0.0651399469661551, -0.016124804458833426, -0.04139678930877526]
  - [0.06527244062370113, 0.9978367520521172, 0.007831012010416487, 0.6129724059380082]
  - [0.015579810801627987, -0.008865865063736168, 0.9998393200570066, -0.3283172348510531]
  - [0.0, 0.0, 0.0, 1.0]
  T_cn_cnm1:
  - [0.9999994483340924, -0.00017987854643160934, 0.0010348793272378365, -0.0497342209324893]
  - [0.00018197159459724775, 0.9999979376498332, -0.002022766032297624, 1.630656132194149e-05]
  - [-0.0010345133407406214, 0.0020229532350479556, 0.9999974187178481, -0.00011557418722279597]
  - [0.0, 0.0, 0.0, 1.0]
  cam_overlaps: [0]
  camera_model: pinhole
  distortion_coeffs: [0.012202270868226475, -0.003003385397417338, 0.0009940184836570271, -0.0009915437632209592]
  distortion_model: radtan
  intrinsics: [645.4717054932978, 642.8518986225815, 638.879815639656, 358.1737751519804]
  resolution: [1280, 720]
  rostopic: /cam_front_down/infra2/image_rect_raw
  timeshift_cam_imu: -0.0017632620338368782
