cam0:
  T_cam_imu:
  - [0.04421567329386472, 0.9989408753807018, -0.012731917719191743, 0.08684600699037172]
  - [-0.3169003781606058, 0.026110741043725627, 0.9480993510828986, -0.220875788640869]
  - [0.9474276355251814, -0.037886101617684964, 0.3177192451636809, -0.21828906519019306]
  - [0.0, 0.0, 0.0, 1.0]
  cam_overlaps: [1]
  camera_model: pinhole
  distortion_coeffs: [0.0034344067385289412, -0.001286052256545117, -0.0006331014236943454, -0.0010577686388469896]
  distortion_model: radtan
  intrinsics: [644.6759653079637, 647.7383510970164, 638.9320688700258, 354.06228320800744]
  resolution: [1280, 720]
  rostopic: /unitree_side_right_camera/infra1/image_rect_raw
  timeshift_cam_imu: -0.017415001295604728
cam1:
  T_cam_imu:
  - [0.04147529640077213, 0.9990514558455836, -0.01326606050372836, 0.037286509825747056]
  - [-0.3173872833287131, 0.025763678111119293, 0.9479459611557013, -0.220786304628214]
  - [0.9473885750681649, -0.035105860807094824, 0.31815478366245814, -0.21811649360728771]
  - [0.0, 0.0, 0.0, 1.0]
  T_cn_cnm1:
  - [0.9999960963989649, 0.0003648933842018696, -0.0027702057053125696, -0.0500832676522537]
  - [-0.0003662712416160801, 0.9999998094711039, -0.0004968934824971479, 1.2784710451200796e-05]
  - [0.0027700238643639193, 0.0004979061895064522, 0.9999960395207657, 4.111696398401535e-05]
  - [0.0, 0.0, 0.0, 1.0]
  cam_overlaps: [0]
  camera_model: pinhole
  distortion_coeffs: [0.004443913904289538, -0.00226522495935974, -0.0005527873131410013, -0.00022095415661546467]
  distortion_model: radtan
  intrinsics: [643.8251084733754, 647.2898620379349, 639.9940230032172, 354.9579153636785]
  resolution: [1280, 720]
  rostopic: /unitree_side_right_camera/infra2/image_rect_raw
  timeshift_cam_imu: -0.017421841925207127
