{
 "cells": [
  {
   "cell_type": "code",
   "execution_count": 17,
   "metadata": {},
   "outputs": [],
   "source": [
    "from B1Py.calibration import KalibrExtractExtrinsics\n",
    "from B1Py.calibration import Vicon2GtExtractParams\n",
    "from B1Py.calibration import ExtrinsicCalibrationManager\n",
    "import numpy as np"
   ]
  },
  {
   "cell_type": "code",
   "execution_count": 2,
   "metadata": {},
   "outputs": [],
   "source": [
    "import rclpy\n",
    "rclpy.init()"
   ]
  },
  {
   "cell_type": "code",
   "execution_count": 7,
   "metadata": {},
   "outputs": [],
   "source": [
    "import os\n",
    "camera_intrinsics_dir = '/home/rstaion/Data-HDD/datasets/calibration/B1/kalibr/static/Results/all'\n",
    "camera_extrinsics_dir = '/home/rstaion/Data-HDD/datasets/calibration/B1/simplehandeye/results'\n",
    "vicon2gt_result_file = '/home/rstaion/Data-HDD/datasets/calibration/B1/vicon2gt/final/result/vicon2gt-seq1_vicon2gt_info.txt'"
   ]
  },
  {
   "cell_type": "code",
   "execution_count": 8,
   "metadata": {},
   "outputs": [],
   "source": [
    "import yaml\n",
    "def KalibrExtractSensorToFrameNameMap(param_file):\n",
    "    '''\n",
    "    Given the path to a kalibr calibration yaml file, returns a dictionary mapping sensor names in the yaml file \n",
    "    to the corresponding frame ids as published by realsense_ros ROS2 package. This has been done by inspecting the\n",
    "    rostopic field in the yaml file.\n",
    "    \n",
    "    @ param param_file: path to a kalibr calibration yaml file\n",
    "    @ return: dictionary mapping sensor names in the yaml file to the corresponding frame ids as published by realsense_ros ROS2 package.\n",
    "    '''\n",
    "    with open(param_file, 'r') as f:\n",
    "        data = yaml.safe_load(f)\n",
    "\n",
    "    sensor_name_to_frame_id = {}\n",
    "    for sensor in data.keys():  \n",
    "        tmp = data[sensor]['rostopic'].split('/')\n",
    "        frame_name = tmp[2]+'_'+tmp[3]+'_optical_frame'\n",
    "        sensor_name_to_frame_id[sensor] = frame_name\n",
    "    return sensor_name_to_frame_id\n",
    "\n",
    "def KalibrExtractFrameExtrinsics(camera_intrinsics_dir):\n",
    "    '''\n",
    "    Given the directory containing the result of kalibr calibration procedure, returns \n",
    "    a dictionary of 4x4 numpy arrays representing the extrinsics between the parent and child frames\n",
    "    with parent and child frames having similar TF names as the ones published by realsense_ros ROS2 package. \n",
    "\n",
    "    @ param camera_intrinsics_dir: directory containing a collection yaml files from kalibr calibration procedure\n",
    "    @ return: dictionary of 4x4 numpy arrays representing the extrinsics between the parent and child frames info['parent_frame_id:child_frame_id'] = pose\n",
    "    '''\n",
    "    intrinsics_files = os.listdir(camera_intrinsics_dir)\n",
    "    info = {} # info will hold the extrinsics poses between parent frame ids and child frame ids as info['parent_frame_id:child_frame_id'] = pose\n",
    "    for file in intrinsics_files:\n",
    "        param_file = os.path.join(camera_intrinsics_dir,file)\n",
    "        ext_params = KalibrExtractExtrinsics(param_file)\n",
    "        if len(ext_params) == 0:\n",
    "            continue\n",
    "\n",
    "        map = KalibrExtractSensorToFrameNameMap(param_file)\n",
    "        for pose in ext_params:\n",
    "            parent_sensor_name = pose.split('_T_')[0]\n",
    "            child_sensor_name = pose.split('_T_')[-1]\n",
    "            if child_sensor_name == 'imu':\n",
    "                child_frame_id = 'b1_imu_link'\n",
    "            else:\n",
    "                child_frame_id = map[child_sensor_name]\n",
    "\n",
    "            parent_frame_id = map[parent_sensor_name]\n",
    "            info[f'{parent_frame_id}:{child_frame_id}'] = ext_params[pose]\n",
    "    return info"
   ]
  },
  {
   "cell_type": "code",
   "execution_count": 15,
   "metadata": {},
   "outputs": [],
   "source": [
    "def SimpleHandEyeExtractFrameExtrinsics(camera_extrinsics_dir):\n",
    "    '''\n",
    "    Given the directory containing the result of simplehandeye calibration procedure, returns\n",
    "    a dictionary of 4x4 numpy arrays representing the extrinsics between the parent and child frames\n",
    "    as identified by the simplehandeye calibration procedure. The parent frame name is the same as the one \n",
    "    published by the vicon_bridge2 ROS2 package while the child frame name is the same as the one published by  \n",
    "    realsense_ros ROS2 package.\n",
    "\n",
    "    @ param camera_extrinsics_dir: directory containing a collection yaml files from simplehandeye calibration procedure\n",
    "    @ return: dictionary of 4x4 numpy arrays representing the extrinsics between the parent and child frames info['parent_frame_id:child_frame_id'] = pose\n",
    "    '''\n",
    "    extrinsics_files = os.listdir(camera_extrinsics_dir)\n",
    "    info = {}\n",
    "    for file in extrinsics_files:\n",
    "        param_file = os.path.join(camera_extrinsics_dir, file)\n",
    "        with open(param_file, 'r') as f:\n",
    "            data = yaml.safe_load(f)\n",
    "\n",
    "        parent_frame_id = data['parent_frame']\n",
    "        for key in data.keys():\n",
    "            if key == 'parent_frame':\n",
    "                continue\n",
    "            child_frame_id = key\n",
    "            info[f'{parent_frame_id}:{child_frame_id}'] = np.array(data[key])\n",
    "    return info"
   ]
  },
  {
   "cell_type": "code",
   "execution_count": 16,
   "metadata": {},
   "outputs": [],
   "source": [
    "info1 = KalibrExtractFrameExtrinsics(camera_intrinsics_dir)\n",
    "info2 = SimpleHandEyeExtractFrameExtrinsics(camera_extrinsics_dir)\n",
    "imu_T_vicon = Vicon2GtExtractParams(vicon2gt_result_file)"
   ]
  },
  {
   "cell_type": "code",
   "execution_count": 19,
   "metadata": {},
   "outputs": [],
   "source": [
    "manager = ExtrinsicCalibrationManager()\n",
    "# Add results from kalibr calibration procedure \n",
    "for key in info1:\n",
    "    parent = key.split(':')[0]\n",
    "    child = key.split(':')[1]\n",
    "    manager.add(parent, child, info1[key][0:3,0:3], info1[key][0:3, -1])\n",
    "# Add results from simplehandeye calibration procedure\n",
    "for key in info2:\n",
    "    parent = key.split(':')[0]\n",
    "    child = key.split(':')[1]\n",
    "    manager.add(parent, child, info2[key][0:3,0:3], info2[key][0:3, -1])\n",
    "# Add results from vicon2gt calibration procedure\n",
    "manager.add('b1_imu_link', 'vicon/B1_BODY/B1_BODY', imu_T_vicon[0:3,0:3], imu_T_vicon[0:3, -1])"
   ]
  },
  {
   "cell_type": "code",
   "execution_count": 27,
   "metadata": {},
   "outputs": [
    {
     "data": {
      "text/plain": [
       "{'b1_side_left_cam_infra2_optical_frame_wrt_b1_imu_link': array([[ 0.99992364, -0.00239314,  0.01212387, -0.0649282 ],\n",
       "        [-0.01224584, -0.32365213,  0.9460969 ,  0.13384993],\n",
       "        [ 0.00165978, -0.94617312, -0.32365672, -0.09999336],\n",
       "        [ 0.        ,  0.        ,  0.        ,  1.        ]]),\n",
       " 'b1_side_left_cam_infra1_optical_frame_wrt_b1_imu_link': array([[ 9.99958922e-01, -2.69902956e-03,  8.65276268e-03,\n",
       "         -1.15009934e-01],\n",
       "        [-9.05878314e-03, -3.29801822e-01,  9.44006725e-01,\n",
       "          1.34297396e-01],\n",
       "        [ 3.05794847e-04, -9.44046330e-01, -3.29812724e-01,\n",
       "         -1.00067752e-01],\n",
       "        [ 0.00000000e+00,  0.00000000e+00,  0.00000000e+00,\n",
       "          1.00000000e+00]]),\n",
       " 'b1_d455_cam_infra2_optical_frame_wrt_b1_imu_link': array([[-0.02646185,  0.00814748,  0.99961662,  0.30462402],\n",
       "        [-0.99964863,  0.00133023, -0.02647354, -0.05431374],\n",
       "        [-0.00154541, -0.99996592,  0.00810942,  0.15861432],\n",
       "        [ 0.        ,  0.        ,  0.        ,  1.        ]]),\n",
       " 'b1_d455_cam_infra1_optical_frame_wrt_b1_imu_link': array([[-2.84549825e-02,  8.05978119e-03,  9.99562581e-01,\n",
       "          3.07309951e-01],\n",
       "        [-9.99594571e-01,  7.74330439e-04, -2.84621369e-02,\n",
       "          4.09323361e-02],\n",
       "        [-1.00339033e-03, -9.99967220e-01,  8.03447996e-03,\n",
       "          1.58848423e-01],\n",
       "        [ 0.00000000e+00,  0.00000000e+00,  0.00000000e+00,\n",
       "          1.00000000e+00]]),\n",
       " 'b1_d455_cam_color_optical_frame_wrt_b1_imu_link': array([[-0.02404249,  0.00880171,  0.99967219,  0.3060578 ],\n",
       "        [-0.99970188,  0.00404445, -0.02407881, -0.01816171],\n",
       "        [-0.00425506, -0.99995309,  0.00870185,  0.15851681],\n",
       "        [ 0.        ,  0.        ,  0.        ,  1.        ]]),\n",
       " 'b1_front_cam_infra2_optical_frame_wrt_b1_imu_link': array([[-2.03234719e-02, -1.10223111e-04,  9.99793451e-01,\n",
       "          5.01723105e-01],\n",
       "        [-9.99772668e-01, -6.44643473e-03, -2.03237601e-02,\n",
       "         -3.15805656e-02],\n",
       "        [ 6.44734338e-03, -9.99979215e-01,  2.08158815e-05,\n",
       "         -4.69110044e-02],\n",
       "        [ 0.00000000e+00,  0.00000000e+00,  0.00000000e+00,\n",
       "          1.00000000e+00]]),\n",
       " 'b1_front_cam_infra1_optical_frame_wrt_b1_imu_link': array([[-2.14420007e-02,  3.48526556e-04,  9.99770033e-01,\n",
       "          5.02922490e-01],\n",
       "        [-9.99749544e-01, -6.41906860e-03, -2.14393236e-02,\n",
       "          1.86358245e-02],\n",
       "        [ 6.41012026e-03, -9.99979337e-01,  4.86076939e-04,\n",
       "         -4.71216370e-02],\n",
       "        [ 0.00000000e+00,  0.00000000e+00,  0.00000000e+00,\n",
       "          1.00000000e+00]]),\n",
       " 'b1_side_right_cam_infra2_optical_frame_wrt_b1_imu_link': array([[-0.99996657,  0.00636206, -0.00513612, -0.11103111],\n",
       "        [ 0.00695088,  0.33063628, -0.94373266, -0.13438513],\n",
       "        [-0.0043059 , -0.94373681, -0.33066945, -0.10142785],\n",
       "        [ 0.        ,  0.        ,  0.        ,  1.        ]]),\n",
       " 'b1_side_right_cam_infra1_optical_frame_wrt_b1_imu_link': array([[-0.99997206,  0.0061501 , -0.00424875, -0.06079836],\n",
       "        [ 0.0060363 ,  0.32913002, -0.94426532, -0.13456614],\n",
       "        [-0.00440894, -0.94426458, -0.32915795, -0.10111212],\n",
       "        [ 0.        ,  0.        ,  0.        ,  1.        ]]),\n",
       " 'vicon/B1_BODY/B1_BODY_wrt_b1_imu_link': array([[-0.09121919, -0.99579093, -0.00891485, -0.0744774 ],\n",
       "        [ 0.99572214, -0.09107331, -0.01559071, -0.00149385],\n",
       "        [ 0.01471319, -0.01029889,  0.99983871,  0.0180715 ],\n",
       "        [ 0.        ,  0.        ,  0.        ,  1.        ]]),\n",
       " 'b1_front_down_cam_infra1_optical_frame_wrt_b1_imu_link': array([[-0.01997393, -0.99979959, -0.00135066,  0.47268927],\n",
       "        [-0.99976118,  0.01998511, -0.00884148,  0.01656586],\n",
       "        [ 0.0088667 ,  0.00117373, -0.99996   , -0.14766532],\n",
       "        [ 0.        ,  0.        ,  0.        ,  1.        ]]),\n",
       " 'b1_back_down_cam_infra1_optical_frame_wrt_b1_imu_link': array([[-0.00160689, -0.99997408,  0.00701814, -0.44284725],\n",
       "        [-0.99999354,  0.00162942,  0.00320506,  0.02706083],\n",
       "        [-0.00321641, -0.00701294, -0.99997024, -0.14918043],\n",
       "        [ 0.        ,  0.        ,  0.        ,  1.        ]])}"
      ]
     },
     "execution_count": 27,
     "metadata": {},
     "output_type": "execute_result"
    }
   ],
   "source": [
    "all_tfs = manager.get_all('b1_imu_link')\n",
    "all_tfs"
   ]
  },
  {
   "cell_type": "code",
   "execution_count": 21,
   "metadata": {},
   "outputs": [
    {
     "name": "stdout",
     "output_type": "stream",
     "text": [
      "pygame 2.5.2 (SDL 2.28.2, Python 3.8.18)\n",
      "Hello from the pygame community. https://www.pygame.org/contribute.html\n"
     ]
    }
   ],
   "source": [
    "from rclpy.node import Node\n",
    "import tf2_ros\n",
    "from geometry_msgs.msg import TransformStamped\n",
    "from scipy.spatial.transform import Rotation as R\n",
    "import numpy as np  \n",
    "from B1Py.robot.interface.ros2 import ROS2ExecutorManager\n",
    "\n",
    "class RealsenseExtrinsicsBroadcaster(Node):\n",
    "    def __init__(self, camera_name,  oir1_T_oir2, oir1_T_ocolor, oir1_T_imu=None):\n",
    "        super().__init__(f'{camera_name}_tf2_broadcaster')\n",
    "\n",
    "        self.body_frame_name = f'{camera_name}_link'\n",
    "        self.ir1_frame_name = f'{camera_name}_ir1_frame'\n",
    "        self.ir2_frame_name = f'{camera_name}_ir2_frame'\n",
    "        self.color_frame_name = f'{camera_name}_color_frame'\n",
    "        if oir1_T_imu is not None:\n",
    "            self.imu_frame_name = f'{camera_name}_imu_frame'\n",
    "        self.ir1_optical_frame_name = f'{camera_name}_ir1_optical_frame'\n",
    "        self.ir2_optical_frame_name = f'{camera_name}_ir2_optical_frame'\n",
    "        self.color_optical_frame_name = f'{camera_name}_color_optical_frame'\n",
    "\n",
    "        self.oir1_T_imu = oir1_T_imu\n",
    "        self.oir1_T_oir2 = oir1_T_oir2\n",
    "        self.oir1_T_ocolor = oir1_T_ocolor\n",
    "\n",
    "        self.ros_T_optic = np.array([[0, 0, 1, 0],\n",
    "                                [-1,0, 0, 0],\n",
    "                                [0, -1, 0, 0],\n",
    "                                [0, 0, 0, 1]]).astype(np.float64)\n",
    "\n",
    "        # self.broadcaster = tf2_ros.TransformBroadcaster(self)\n",
    "        self.broadcaster = tf2_ros.StaticTransformBroadcaster(self)\n",
    "        self.timer = self.create_timer(1, self.timer_callback)\n",
    "\n",
    "    def timer_callback(self):\n",
    "        body_T_ir1 = np.eye(4)\n",
    "        body_T_ir2 = self.ros_T_optic @ self.oir1_T_oir2 @ np.linalg.inv(self.ros_T_optic)\n",
    "        body_T_imu = self.ros_T_optic @ self.oir1_T_imu\n",
    "\n",
    "        tf1 = self.makeTransformStamped(self.body_frame_name, self.ir1_frame_name, body_T_ir1)\n",
    "        tf2 = self.makeTransformStamped(self.body_frame_name, self.ir2_frame_name, body_T_ir2)\n",
    "        if self.oir1_T_imu is not None:\n",
    "            tf3 = self.makeTransformStamped(self.body_frame_name, self.imu_frame_name, body_T_imu)\n",
    "        tf4 = self.makeTransformStamped(self.ir1_frame_name, self.ir1_optical_frame_name, self.ros_T_optic)\n",
    "        tf5 = self.makeTransformStamped(self.ir2_frame_name, self.ir2_optical_frame_name, self.ros_T_optic)\n",
    "        self.broadcaster = tf2_ros.StaticTransformBroadcaster(self)\n",
    "        self.broadcaster.sendTransform(tf1)\n",
    "        self.broadcaster.sendTransform(tf2)\n",
    "        if self.oir1_T_imu is not None:\n",
    "            self.broadcaster.sendTransform(tf3)\n",
    "        self.broadcaster.sendTransform(tf4)\n",
    "        self.broadcaster.sendTransform(tf5)\n",
    "\n",
    "    def makeTransformStamped(self, parent_frame, child_frame, T):\n",
    "        rotation = R.from_matrix(T[:3, :3]).as_quat()\n",
    "        translation = T[:3, 3]\n",
    "        static_transform_stamped = TransformStamped()\n",
    "        static_transform_stamped.header.stamp = self.get_clock().now().to_msg()\n",
    "        static_transform_stamped.header.frame_id = parent_frame\n",
    "        static_transform_stamped.child_frame_id = child_frame\n",
    "        static_transform_stamped.transform.translation.x = translation[0]\n",
    "        static_transform_stamped.transform.translation.y = translation[1]\n",
    "        static_transform_stamped.transform.translation.z = translation[2]\n",
    "        static_transform_stamped.transform.rotation.x = rotation[0]\n",
    "        static_transform_stamped.transform.rotation.y = rotation[1]\n",
    "        static_transform_stamped.transform.rotation.z = rotation[2]\n",
    "        static_transform_stamped.transform.rotation.w = rotation[3]\n",
    "        return static_transform_stamped"
   ]
  },
  {
   "cell_type": "code",
   "execution_count": 22,
   "metadata": {},
   "outputs": [],
   "source": [
    "class B1ExtrinsicsBroadcaster(Node):\n",
    "\n",
    "    def __init__(self, robot_name='b1'):\n",
    "        super().__init__(f'{robot_name}_tf2_broadcaster')\n",
    "\n",
    "        self.frames = []\n",
    "        # self.broadcaster = tf2_ros.TransformBroadcaster(self)\n",
    "        self.broadcaster = tf2_ros.StaticTransformBroadcaster(self)\n",
    "        self.timer = self.create_timer(0.5, self.timer_callback)\n",
    "        # self.body_frame_name = f'{robot_name}_base_link'\n",
    "\n",
    "    def timer_callback(self):\n",
    "        for frame in self.frames:\n",
    "            self.broadcaster.sendTransform(frame)\n",
    "\n",
    "    def registerFrame(self, parent, child, body_T_sensor):\n",
    "        frame = self.makeTransformStamped(parent, child, body_T_sensor)\n",
    "        self.frames.append(frame)\n",
    "\n",
    "    def makeTransformStamped(self, parent_frame, child_frame, T):\n",
    "        rotation = R.from_matrix(T[:3, :3]).as_quat()\n",
    "        translation = T[:3, 3]\n",
    "        static_transform_stamped = TransformStamped()\n",
    "        static_transform_stamped.header.stamp = self.get_clock().now().to_msg()\n",
    "        static_transform_stamped.header.frame_id = parent_frame\n",
    "        static_transform_stamped.child_frame_id = child_frame\n",
    "        static_transform_stamped.transform.translation.x = translation[0]\n",
    "        static_transform_stamped.transform.translation.y = translation[1]\n",
    "        static_transform_stamped.transform.translation.z = translation[2]\n",
    "        static_transform_stamped.transform.rotation.x = rotation[0]\n",
    "        static_transform_stamped.transform.rotation.y = rotation[1]\n",
    "        static_transform_stamped.transform.rotation.z = rotation[2]\n",
    "        static_transform_stamped.transform.rotation.w = rotation[3]\n",
    "        return static_transform_stamped"
   ]
  },
  {
   "cell_type": "code",
   "execution_count": 23,
   "metadata": {},
   "outputs": [
    {
     "name": "stdout",
     "output_type": "stream",
     "text": [
      "b1_imu_link b1_side_left_cam_infra2_optical_frame\n",
      "b1_imu_link b1_side_left_cam_infra1_optical_frame\n",
      "b1_imu_link b1_d455_cam_infra2_optical_frame\n",
      "b1_imu_link b1_d455_cam_infra1_optical_frame\n",
      "b1_imu_link b1_d455_cam_color_optical_frame\n",
      "b1_imu_link b1_front_cam_infra2_optical_frame\n",
      "b1_imu_link b1_front_cam_infra1_optical_frame\n",
      "b1_imu_link b1_side_right_cam_infra2_optical_frame\n",
      "b1_imu_link b1_side_right_cam_infra1_optical_frame\n",
      "b1_imu_link vicon/B1_BODY/B1_BODY\n",
      "b1_imu_link b1_front_down_cam_infra1_optical_frame\n",
      "b1_imu_link b1_back_down_cam_infra1_optical_frame\n"
     ]
    }
   ],
   "source": [
    "b1_broadcaster = B1ExtrinsicsBroadcaster()\n",
    "for key in all_tfs:\n",
    "    parent = key.split('_wrt_')[-1]\n",
    "    child = key.split('_wrt_')[0]\n",
    "    print(parent, child)\n",
    "    b1_broadcaster.registerFrame(parent, child, all_tfs[key])"
   ]
  },
  {
   "cell_type": "code",
   "execution_count": 16,
   "metadata": {},
   "outputs": [],
   "source": [
    "# rs1_broadcaster = RealsenseExtrinsicsBroadcaster('realsense', oir1_T_oir2, oir1_T_ocolor, oir1_T_imu)\n",
    "# rs2_broadcaster = RealsenseExtrinsicsBroadcaster('realsense2', oir1_T_oir2, oir1_T_ocolor, oir1_T_imu)\n",
    "\n",
    "# b1_broadcaster = B1ExtrinsicsBroadcaster()\n",
    "\n",
    "# T1 = np.eye(4)\n",
    "# T1[0,-1] = 2.\n",
    "# T2 = np.eye(4)\n",
    "# T2[0,-1] = -2.\n",
    "# b1_broadcaster.registerFrame(rs1_broadcaster.body_frame_name, T1)\n",
    "# b1_broadcaster.registerFrame(rs2_broadcaster.body_frame_name, T2)"
   ]
  },
  {
   "cell_type": "code",
   "execution_count": 24,
   "metadata": {},
   "outputs": [],
   "source": [
    "excution_manager = ROS2ExecutorManager()    \n",
    "excution_manager.add_node(b1_broadcaster)\n",
    "excution_manager.start()"
   ]
  }
 ],
 "metadata": {
  "kernelspec": {
   "display_name": "Python 3",
   "language": "python",
   "name": "python3"
  },
  "language_info": {
   "codemirror_mode": {
    "name": "ipython",
    "version": 3
   },
   "file_extension": ".py",
   "mimetype": "text/x-python",
   "name": "python",
   "nbconvert_exporter": "python",
   "pygments_lexer": "ipython3",
   "version": "3.8.18"
  }
 },
 "nbformat": 4,
 "nbformat_minor": 2
}
