cam0:
  cam_overlaps: [1, 2]
  camera_model: pinhole
  distortion_coeffs: [-0.001521123246688329, 0.0017551922589614508, -0.0006999145063105366, -0.0004668733409003448]
  distortion_model: radtan
  intrinsics: [649.7219442079164, 650.9087880080468, 643.4919986121979, 364.230784429693]
  resolution: [1280, 720]
  rostopic: /b1/d455_cam/infra1/image_rect_raw
cam1:
  T_cn_cnm1:
  - [0.9999978653522885, 0.0005580286764212349, 0.0019894458703526375, -0.09528404686549663]
  - [-0.0005581727235290546, 0.9999998416403032, 7.185115065202822e-05, -8.551291339242635e-05]
  - [-0.001989405460302086, -7.296145169490198e-05, 0.9999980184693116, 0.0001653017945470871]
  - [0.0, 0.0, 0.0, 1.0]
  cam_overlaps: [0, 2]
  camera_model: pinhole
  distortion_coeffs: [0.004260125218875342, -0.0034009749730479506, -0.0005227481020130253, -0.0006372361164936431]
  distortion_model: radtan
  intrinsics: [648.8421491735166, 650.5531483774944, 641.6887596648603, 364.3362551051392]
  resolution: [1280, 720]
  rostopic: /b1/d455_cam/infra2/image_rect_raw
cam2:
  T_cn_cnm1:
  - [0.9999934008390668, 0.002729192862165899, 0.0023978708548585644, 0.03617530746312939]
  - [-0.002730596343432081, 0.9999961024215955, 0.0005822243770137337, -0.0002563416355290619]
  - [-0.0023962725063549815, -0.0005887681522096704, 0.999996955610434, -0.0005619640934243722]
  - [0.0, 0.0, 0.0, 1.0]
  cam_overlaps: [0, 1]
  camera_model: pinhole
  distortion_coeffs: [-0.043417441307610626, 0.03547508420364814, -0.000826695115596363, -2.3899500547953647e-05]
  distortion_model: radtan
  intrinsics: [631.0000051263577, 631.7203942778565, 638.472220859973, 364.44478405741614]
  resolution: [1280, 720]
  rostopic: /b1/d455_cam/color/image_raw
