cam0:
  T_cam_imu:
  - [0.9999928585358951, -0.0037704439039458948, 0.0002581278292278497, 0.014690980287638149]
  - [0.003769919143322709, 0.9999908855742039, 0.0020041153090435636, -0.007534668969458804]
  - [-0.00026568188089069235, -0.0020031278756811916, 0.9999979584438419, -0.01220092026773617]
  - [0.0, 0.0, 0.0, 1.0]
  cam_overlaps: [1]
  camera_model: pinhole
  distortion_coeffs: [0.007208057785634279, -0.005443394447021961, 0.0005132809477116635, 0.0007546864738648802]
  distortion_model: radtan
  intrinsics: [384.1103942595597, 384.19238784362204, 325.0525292183143, 235.1681606882423]
  resolution: [640, 480]
  rostopic: /b1/front_cam/infra1/image_rect_raw
  timeshift_cam_imu: -0.001845414217701176
cam1:
  T_cam_imu:
  - [0.9999917964898307, -0.0038093663543950383, 0.0013768373249074446, -0.03555311073967552]
  - [0.0038072367412151148, 0.9999915572750647, 0.0015460682350996468, -0.0076417537125948115]
  - [-0.001382715240965017, -0.0015408136062630936, 0.9999978569937005, -0.012042252140817207]
  - [0.0, 0.0, 0.0, 1.0]
  T_cn_cnm1:
  - [0.9999993734864872, -3.668407669448176e-05, 0.0011187854605832124, -0.0502307080133891]
  - [3.719656408282252e-05, 0.9999998943999094, -0.00045805739892740776, -0.0001132207145897837]
  - [-0.0011187685390266163, 0.0004580987269233383, 0.9999992692509868, 0.00017854663992451528]
  - [0.0, 0.0, 0.0, 1.0]
  cam_overlaps: [0]
  camera_model: pinhole
  distortion_coeffs: [0.006202616739918097, -0.0037351026111668104, 0.0004082972321395278, 0.0008228644962409793]
  distortion_model: radtan
  intrinsics: [383.41242925015587, 383.41880187247995, 323.8544619082725, 236.08955579617003]
  resolution: [640, 480]
  rostopic: /b1/front_cam/infra2/image_rect_raw
  timeshift_cam_imu: -0.0018511586982358072
