cam0:
  cam_overlaps: [1]
  camera_model: pinhole
  distortion_coeffs: [0.007208057785634279, -0.005443394447021961, 0.0005132809477116635, 0.0007546864738648802]
  distortion_model: radtan
  intrinsics: [384.1103942595597, 384.19238784362204, 325.0525292183143, 235.1681606882423]
  resolution: [640, 480]
  rostopic: /b1/b1_front_cam/infra1/image_rect_raw
cam1:
  T_cn_cnm1:
  - [0.9999993734864856, -3.668407669448176e-05, 0.0011187854605832124, -0.0502307080133891]
  - [3.719656408282252e-05, 0.9999998943999079, -0.0004580573989274077, -0.0001132207145897837]
  - [-0.0011187685390266163, 0.00045809872692333825, 0.9999992692509853, 0.00017854663992451528]
  - [0.0, 0.0, 0.0, 1.0]
  cam_overlaps: [0]
  camera_model: pinhole
  distortion_coeffs: [0.006202616739918097, -0.0037351026111668104, 0.0004082972321395278, 0.0008228644962409793]
  distortion_model: radtan
  intrinsics: [383.41242925015587, 383.41880187247995, 323.8544619082725, 236.08955579617003]
  resolution: [640, 480]
  rostopic: /b1/b1_front_cam/infra2/image_rect_raw
