cam0:
  cam_overlaps: [1]
  camera_model: pinhole
  distortion_coeffs: [0.00408286103917287, -0.0034917205444858256, -2.7174459240652828e-05, 0.002157185968486034]
  distortion_model: radtan
  intrinsics: [389.3104288567758, 389.9297682708756, 323.19849316619195, 237.69039429081658]
  resolution: [640, 480]
  rostopic: /b1/b1_side_right_cam/infra1/image_rect_raw
cam1:
  T_cn_cnm1:
  - [0.9999995764418872, 0.00020375141282673813, -0.0008975530131426811, -0.050233695801414846]
  - [-0.00020518456342967566, 0.9999987038588498, -0.0015969282760502717, -3.822831637659469e-05]
  - [0.0008972264733948564, 0.0015971117636814987, 0.9999983221079289, -0.00019157513685554516]
  - [0.0, 0.0, 0.0, 1.0]
  cam_overlaps: [0]
  camera_model: pinhole
  distortion_coeffs: [0.002479689508013853, -0.0021349299564260805, 0.00010479065642136627, 0.0021657059476103365]
  distortion_model: radtan
  intrinsics: [389.7636565173539, 390.216790308427, 323.16071121380475, 238.2426543820832]
  resolution: [640, 480]
  rostopic: /b1/b1_side_right_cam/infra2/image_rect_raw
