cam0:
  T_cam_imu:
  - [0.9981212856045554, 0.03792008770103392, -0.04812448619836623, -0.003853424006126539]
  - [-0.03963383314869849, 0.9985951136961009, -0.03517041615070278, 0.05752658379389162]
  - [0.046723211501907426, 0.037011698839939544, 0.9982219571097055, 0.012635607479334407]
  - [0.0, 0.0, 0.0, 1.0]
  cam_overlaps: [1]
  camera_model: pinhole
  distortion_coeffs: [0.003021072690516322, -0.004211858583096, 0.0005524454629529629, -0.0006541327295424842]
  distortion_model: radtan
  intrinsics: [392.42745308631754, 392.8623602762483, 322.2054898770504, 232.38136198412204]
  resolution: [640, 480]
  rostopic: /b1/side_left_cam/infra1/image_rect_raw
  timeshift_cam_imu: -0.0005064541950668841
cam1:
  T_cam_imu:
  - [0.9979628484431428, 0.037565257517523154, -0.051565536503476846, -0.05399363847279442]
  - [-0.03907980001305375, 0.9988243130443553, -0.028683809063857698, 0.05765206573132379]
  - [0.050427396900781594, 0.030640546651688357, 0.9982575992912336, 0.012087682105392647]
  - [0.0, 0.0, 0.0, 1.0]
  T_cn_cnm1:
  - [0.9999940040830008, -0.0002270290441995142, -0.0034554675309743216, -0.05008351543476461]
  - [0.00024951889177897684, 0.9999787822217207, 0.006509442885859866, 4.5413260604888364e-05]
  - [0.003453916381033755, -0.006510266060209528, 0.9999728430799785, -0.00015975945942903685]
  - [0.0, 0.0, 0.0, 1.0]
  cam_overlaps: [0]
  camera_model: pinhole
  distortion_coeffs: [-0.0004100770422020505, 0.00013058401301363514, 0.0006001784110657119, -0.0006900050460443731]
  distortion_model: radtan
  intrinsics: [392.291255307801, 392.8814130965981, 323.11551822188073, 232.26433392848836]
  resolution: [640, 480]
  rostopic: /b1/side_left_cam/infra2/image_rect_raw
  timeshift_cam_imu: -0.0005059141784321127
