cam0:
  cam_overlaps: [1]
  camera_model: pinhole
  distortion_coeffs: [0.003021072690516322, -0.004211858583096, 0.0005524454629529629, -0.0006541327295424842]
  distortion_model: radtan
  intrinsics: [392.42745308631754, 392.8623602762483, 322.2054898770504, 232.38136198412204]
  resolution: [640, 480]
  rostopic: /b1/b1_side_left_cam/infra1/image_rect_raw
cam1:
  T_cn_cnm1:
  - [0.9999940040829997, -0.00022702904419951423, -0.003455467530974322, -0.05008351543476461]
  - [0.0002495188917789769, 0.9999787822217195, 0.006509442885859867, 4.5413260604888364e-05]
  - [0.0034539163810337553, -0.006510266060209529, 0.9999728430799774, -0.00015975945942903685]
  - [0.0, 0.0, 0.0, 1.0]
  cam_overlaps: [0]
  camera_model: pinhole
  distortion_coeffs: [-0.0004100770422020505, 0.00013058401301363514, 0.0006001784110657119, -0.0006900050460443731]
  distortion_model: radtan
  intrinsics: [392.291255307801, 392.8814130965981, 323.11551822188073, 232.26433392848836]
  resolution: [640, 480]
  rostopic: /b1/b1_side_left_cam/infra2/image_rect_raw
